54
856
2047
2046
2040
2041
2033
2036
2026
2031
2019
2026
2012
2021
2005
2016
1998
2011
1991
2006
1984
2001
1977
1996
1970
1991
1963
1986
1956
1981
1949
1976
1942
1971
1935
1966
1928
1961
1921
1956
1914
1951
1907
1946
1900
1941
1893
1936
1886
1931
1879
1926
1872
1921
1865
1916
1858
1911
1851
1906
1844
1901
1837
1896
1830
1891
1823
1886
1816
1881
1809
1876
1802
1871
1795
1866
1788
1861
1781
1856
1774
1851
1767
1846
1760
1841
1753
1836
1746
1831
1739
1826
1732
1821
1725
1816
1718
1811
1711
1806
1704
1801
1697
1796
1690
1791
1683
1786
